Vertex Count: 15

Data:

-100 -4.8e-005 -100 2 2 -0 1 -0
-100 4.8e-005 100 0 2 -0 1 -0
100 4.8e-005 100 0 0 -0 1 -0
100 -4.8e-005 -100 2 0 -0 1 -0
-100 -4.8e-005 -100 2 2 -0 1 -0
100 4.8e-005 100 0 0 -0 1 -0
0.517669 0.684484 0.75166 0 0 -0 1 -0
0.517669 0.684484 -1.24834 0 0 -0 1 -0
-1.48233 0.684484 -1.24834 0 0 -0 1 -0
-100 -4.8e-005 -100 2 2 -0 1 -0
-100 4.8e-005 100 0 2 -0 1 -0
100 4.8e-005 100 0 0 -0 1 -0
100 -4.8e-005 -100 2 0 -0 1 -0
-100 -4.8e-005 -100 2 2 -0 1 -0
100 4.8e-005 100 0 0 -0 1 -0
